K=2
Center_0: 90.895, -3.223, -1.148, -0.975, -5.132, -2.413, -2.804, -1.196, -1.322, 0.334, 0.739, 1.057, 0.754, 
Center_1: 76.008, -1.102, 1.087, 0.212, -3.089, -0.896, -1.854, 0.021, -1.514, -0.227, 0.15, -0.496, 0.057, 
--------------------------------------------------------
K=3
Center_0: 82.075, -1.743, -0.575, -0.486, -4.105, -1.397, -1.773, -0.421, -1.313, -0.166, 0.235, 0.086, 0.272, 
Center_1: 70.554, -0.48, 3.07, 1.203, -1.825, -0.455, -1.731, 0.507, -1.512, -0.308, -0.191, -0.778, 0.116, 
Center_2: 92.846, -3.66, -1.267, -1.207, -5.488, -2.676, -3.318, -1.438, -1.474, 0.523, 1.058, 1.155, 0.744, 
--------------------------------------------------------
K=4
Center_0: 81.823, -1.896, -0.675, -0.504, -4.343, -1.286, -1.897, -0.388, -1.265, -0.067, 0.525, 0.336, 0.498, 
Center_1: 70.554, -0.48, 3.07, 1.203, -1.825, -0.455, -1.731, 0.507, -1.512, -0.308, -0.191, -0.778, 0.116, 
Center_2: 93.081, -1.308, -0.473, -0.12, -2.582, -0.978, -1.765, -0.951, -1.04, 0.029, -0.442, -0.298, -1.407, 
Center_3: 91.719, -8.372, -2.685, -3.586, -11.274, -6.848, -6.316, -2.552, -2.625, 1.247, 3.462, 3.553, 4.934, 
--------------------------------------------------------
K=5
Center_0: 88.159, -0.59, 0.172, -0.217, -1.545, -1.282, -1.337, -0.375, 0.169, -0.023, 1.433, 0.441, 0.719, 
Center_1: 95.255, -2.245, -1.458, -0.008, -3.46, -0.495, -1.844, -1.581, -1.991, -0.374, -1.809, -0.174, -2.199, 
Center_2: 91.719, -8.372, -2.685, -3.586, -11.274, -6.848, -6.316, -2.552, -2.625, 1.247, 3.462, 3.553, 4.934, 
Center_3: 80.471, -1.877, -0.829, -0.585, -5.136, -1.51, -2.297, -0.242, -1.727, 0.144, 0.157, 0.001, -0.009, 
Center_4: 70.444, -0.75, 3.445, 1.23, -1.723, -0.276, -1.552, 0.464, -1.44, -0.322, -0.102, -0.876, 0.161, 
--------------------------------------------------------
K=6
Center_0: 88.122, -0.65, 0.228, -0.102, -1.528, -1.286, -1.416, -0.463, 0.289, 0.113, 1.613, 0.512, 0.924, 
Center_1: 94.963, -2.092, -1.45, -0.161, -3.39, -0.529, -1.722, -1.415, -2.037, -0.526, -1.877, -0.232, -2.314, 
Center_2: 74.71, 0.977, 1.682, -0.111, -1.664, -0.771, -1.572, -0.189, -1.461, -0.933, 0.548, -0.906, 0.409, 
Center_3: 80.842, -2.625, -0.502, -0.373, -5.313, -1.493, -2.43, -0.147, -1.845, 0.342, 0.116, 0.03, -0.115, 
Center_4: 64.588, -1.962, 4.087, 2.425, -2.568, 0.162, -1.332, 1.142, -1.088, 0.374, -1.152, -0.567, -0.021, 
Center_5: 91.719, -8.372, -2.685, -3.586, -11.274, -6.848, -6.316, -2.552, -2.625, 1.247, 3.462, 3.553, 4.934, 
--------------------------------------------------------
K=7
Center_0: 96.499, -2.992, 0.526, 3.274, -3.185, 0.482, -1.6, -1.673, -0.716, -1.092, -2.307, -0.434, -2.871, 
Center_1: 91.635, -0.213, -1.83, -2.232, -2.735, -1.922, -2.052, -1.153, -1.276, 0.402, -0.146, -0.191, -0.946, 
Center_2: 85.475, -2.406, 0.693, 1.181, -2.781, -0.059, -1.027, 0.578, -0.302, 0.934, 1.508, 1.32, 0.955, 
Center_3: 78.683, -1.794, -1.42, -2.893, -5.41, -3.189, -2.355, -2.434, -2.161, -1.799, 0.293, -1.686, 0.615, 
Center_4: 91.719, -8.372, -2.685, -3.586, -11.274, -6.848, -6.316, -2.552, -2.625, 1.247, 3.462, 3.553, 4.934, 
Center_5: 66.564, -0.194, 4.139, 2.416, -1.491, 0.455, -1.307, 1.134, -1.655, 0.251, -0.921, -0.684, 0.009, 
Center_6: 77.899, -1.16, 1.011, 0.784, -3.19, -0.607, -2.305, 1.016, -1.389, 0.085, 0.215, 0.322, -0.203, 
--------------------------------------------------------
K=8
Center_0: 91.852, -8.29, -2.771, -3.544, -11.926, -7.354, -7.273, -2.925, -3.279, 0.872, 3.17, 3.321, 4.789, 
Center_1: 83.497, -2.587, 0.427, 1.357, -3.778, 0.405, -1.245, 0.922, -0.788, 1.337, 0.261, 0.921, -0.385, 
Center_2: 79.324, -1.598, -1.278, -1.847, -4.517, -2.86, -2.286, -1.763, -1.693, -1.384, 0.628, -0.976, 0.676, 
Center_3: 63.69, -1.056, 4.505, 2.716, -1.807, -0.335, -1.232, 1.249, -0.17, 1.344, 0.151, 0.45, 0.433, 
Center_4: 70.328, 4.61, -0.458, -0.412, -3.603, -0.128, -4.09, -0.67, -5.336, -1.994, -3.357, -1.35, -0.637, 
Center_5: 75.089, -1.774, 4.814, 1.655, -0.562, 0.241, -0.737, 1.728, -0.728, 0.133, 0.658, -0.921, 0.047, 
Center_6: 92.985, -1.104, -0.765, -0.331, -2.726, -1.05, -1.883, -1.0, -1.088, 0.047, -0.783, -0.373, -1.714, 
Center_7: 90.863, -4.509, -0.811, -1.089, -4.663, -1.169, -1.487, 0.055, 0.262, 0.826, 4.408, 5.073, 5.832, 
--------------------------------------------------------
K=9
Center_0: 88.884, -0.717, 0.599, -0.191, -1.031, -1.017, -0.825, -0.026, 0.28, 0.052, 1.191, -0.049, 0.659, 
Center_1: 76.37, -1.7, -2.435, -1.212, -5.518, -3.391, -2.88, -2.295, -1.605, -2.014, 0.57, -1.191, 0.747, 
Center_2: 93.042, -8.477, -3.043, -3.678, -12.157, -7.88, -7.645, -3.168, -4.284, -0.15, 2.725, 2.992, 4.503, 
Center_3: 77.121, 0.527, 2.418, 0.083, -1.378, -0.266, -1.401, -0.151, -1.355, -0.652, 0.444, -0.373, 0.391, 
Center_4: 81.878, -3.278, 0.755, 1.786, -5.362, 0.857, -2.25, 1.641, -1.715, 2.147, -0.398, 0.875, -1.292, 
Center_5: 65.532, -1.198, 3.834, 2.366, -2.238, 0.165, -1.43, 1.537, -1.148, 0.35, -0.642, -0.274, 0.075, 
Center_6: 95.181, -2.13, -1.431, 0.228, -3.598, -0.618, -2.068, -1.792, -2.27, -0.465, -1.927, 0.008, -2.458, 
Center_7: 83.99, -1.504, -2.624, -4.03, -5.012, -4.402, -2.489, -1.816, -1.92, -0.606, -0.349, -1.12, 0.5, 
Center_8: 87.967, -6.941, -1.412, -2.152, -8.757, -3.221, -3.632, -0.505, 0.529, 3.623, 5.908, 4.857, 5.16, 
--------------------------------------------------------
